option = {
  toolbox: {
    show: true,
    feature: {
      saveAsImage: {}
    }
  },
  legend: {
        show: true, // 显示图例
        bottom: 10, // 图例位置（可选）
        left: 'center' // 图例位置（可选）
  },
  xAxis: {
        type: 'value',
        splitLine: {
            show: false // 不显示 x 轴的网格线
        }
    },
    yAxis: {
        type: 'value',
        splitLine: {
            show: false // 不显示 x 轴的网格线
        }
    },
  series: [
    {
      name: "Primary producers(guava)",
      data: [[0.0, 5000.0], [0.50505051, 5622.71636201], [1.01010101, 6246.46821001], [1.51515152, 6833.34949765], [2.02020202, 7350.47542805], [2.52525253, 7772.65889447], [3.03030303, 8094.96185465], [3.53535354, 8325.80146197], [4.04040404, 8480.6081749], [4.54545455, 8580.36690046], [5.05050505, 8643.99658726], [5.55555556, 8686.76077757], [6.06060606, 8720.2162763], [6.56565657, 8749.42118053], [7.07070707, 8775.25348245], [7.57575758, 8795.23988109], [8.08080808, 8805.12724241], [8.58585859, 8801.44926389], [9.09090909, 8782.21962372], [9.5959596, 8747.83841041], [10.1010101, 8701.29710797], [10.60606061, 8647.78046968], [11.11111111, 8593.89566311], [11.61616162, 8546.80089981], [12.12121212, 8512.22164966], [12.62626263, 8492.73914976], [13.13131313, 8487.16417689], [13.63636364, 8490.54907071], [14.14141414, 8495.28548142], [14.64646465, 8494.85521116], [15.15151515, 8484.265109], [15.65656566, 8460.24028708], [16.16161616, 8423.83909333], [16.66666667, 8379.50241067], [17.17171717, 8333.01935626], [17.67676768, 8291.49876808], [18.18181818, 8263.05716989], [18.68686869, 8251.86208177], [19.19191919, 8257.22567256], [19.6969697, 8275.5137764], [20.2020202, 8300.09771988], [20.70707071, 8321.60649135], [21.21212121, 8332.64106489], [21.71717172, 8329.70652641], [22.22222222, 8312.11747183], [22.72727273, 8282.11450356], [23.23232323, 8244.86423047], [23.73737374, 8208.45926794], [24.24242424, 8182.67741477], [24.74747475, 8172.38258495], [25.25252525, 8178.67929183], [25.75757576, 8199.59946424], [26.26262626, 8230.06538747], [26.76767677, 8261.88970325], [27.27272727, 8284.87719011], [27.77777778, 8293.90637119], [28.28282828, 8287.1311288], [28.78787879, 8265.68318257], [29.29292929, 8233.82940173], [29.7979798, 8198.97180517], [30.3030303, 8170.50846637], [30.80808081, 8155.09684177], [31.31313131, 8156.26535302], [31.81818182, 8173.76064704], [32.32323232, 8203.51684229], [32.82828283, 8237.65552877], [33.33333333, 8266.46782997], [33.83838384, 8283.42136472], [34.34343434, 8284.89759887], [34.84848485, 8270.54503257], [35.35353535, 8243.27949811], [35.85858586, 8209.28415991], [36.36363636, 8177.72070225], [36.86868687, 8156.70439493], [37.37373737, 8150.88119011], [37.87878788, 8161.50833915], [38.38383838, 8186.38600141], [38.88888889, 8219.8572443], [39.39393939, 8252.81446433], [39.8989899, 8275.97524511], [40.4040404, 8284.73788187], [40.90909091, 8277.38233466], [41.41414141, 8255.40875853], [41.91919192, 8223.53750352], [42.42424242, 8189.70911463], [42.92929293, 8163.2241707], [43.43434343, 8150.30771864], [43.93939394, 8153.96039014], [44.44444444, 8173.4964875], [44.94949495, 8204.54396679], [45.45454545, 8239.04443781], [45.95959596, 8267.15303774], [46.46464646, 8282.71498887], [46.96969697, 8282.49776409], [47.47474747, 8266.55203321], [47.97979798, 8238.21760622], [48.48484848, 8204.12343326], [48.98989899, 8173.42636461], [49.49494949, 8153.66372185], [50.0, 8149.96588149]],
      type: 'line',
      smooth: true,
      symbol: 'none',
      color: "#F490B1"
    },
    {
      name: "Primary consumer(bugs)",
      data: [[0.0, 100000.0], [0.50505051, 105427.31164112], [1.01010101, 111953.25745233], [1.51515152, 119576.79961706], [2.02020202, 128167.4686044], [2.52525253, 137489.90990515], [3.03030303, 147220.0835651], [3.53535354, 157128.85219501], [4.04040404, 167235.41996605], [4.54545455, 177803.0037962], [5.05050505, 189480.97812268], [5.55555556, 203056.76024535], [6.06060606, 219312.8562268], [6.56565657, 238723.93415506], [7.07070707, 261245.95348228], [7.57575758, 286246.46410362], [8.08080808, 312322.14181263], [8.58585859, 337646.29662566], [9.09090909, 360436.53597276], [9.5959596, 379531.09474989], [10.1010101, 394641.38076673], [10.60606061, 406468.06335999], [11.11111111, 416320.42210956], [11.61616162, 425880.40814073], [12.12121212, 436407.0498788], [12.62626263, 448584.37888774], [13.13131313, 462724.39550856], [13.63636364, 478229.29101794], [14.14141414, 493496.4998464], [14.64646465, 507054.47780535], [15.15151515, 517668.90730134], [15.65656566, 524379.64469808], [16.16161616, 527213.98337474], [16.66666667, 527139.45538403], [17.17171717, 525396.58556047], [17.67676768, 523472.57512451], [18.18181818, 523083.1316359], [18.68686869, 525318.33524852], [19.19191919, 530036.09160657], [19.6969697, 536658.58955612], [20.2020202, 544234.4762586], [20.70707071, 551434.57924723], [21.21212121, 556779.02174975], [21.71717172, 559369.45667378], [22.22222222, 558920.05830733], [22.72727273, 555734.72349352], [23.23232323, 550707.07163053], [23.73737374, 545320.44467164], [24.24242424, 541469.81016966], [24.74747475, 540159.98627227], [25.25252525, 541582.46826165], [25.75757576, 545464.41155394], [26.26262626, 551068.9026735], [26.76767677, 557194.95925292], [27.27272727, 562255.62951639], [27.77777778, 565026.22090788], [28.28282828, 564934.3217792], [28.78787879, 562021.44338821], [29.29292929, 556949.24618789], [29.7979798, 550999.53982636], [30.3030303, 545923.46247056], [30.80808081, 542955.77019155], [31.31313131, 542671.94926264], [31.81818182, 545110.84269386], [32.32323232, 549773.77307146], [32.82828283, 555624.54255791], [33.33333333, 561165.67618609], [33.83838384, 564938.61457471], [34.34343434, 566043.27539342], [34.84848485, 564225.36897645], [35.35353535, 559876.40898923], [35.85858586, 554033.71242835], [36.36363636, 548342.7708872], [36.86868687, 544323.94494476], [37.37373737, 542794.43574427], [37.87878788, 544031.42318571], [38.38383838, 547777.68646131], [38.88888889, 553241.60405553], [39.39393939, 559097.5469087], [39.8989899, 563749.84579397], [40.4040404, 566059.65369401], [40.90909091, 565496.14554254], [41.41414141, 562164.11740669], [41.91919192, 556803.98648703], [42.42424242, 550791.79111754], [42.92929293, 545868.14160541], [43.43434343, 543150.56238739], [43.93939394, 543154.26183593], [44.44444444, 545855.26694321], [44.94949495, 550690.42223574], [45.45454545, 556557.38977447], [45.95959596, 561918.92207055], [46.46464646, 565379.37947961], [46.96969697, 566111.31223799], [47.47474747, 563935.86073644], [47.97979798, 559323.03656756], [48.48484848, 553391.72252573], [48.98989899, 547776.06712979], [49.49494949, 543877.81099968], [50.0, 542723.85964429]],
      type: 'line',
      smooth: true,
      symbol: 'none',
      color: "#73F573"
    },
    {
      name: "Invasive specie(brown tree snake)",
      data: [[0.0, 0.0], [0.50505051, 579.67424739], [1.01010101, 1314.5454698], [1.51515152, 2189.14513955], [2.02020202, 3151.78692213], [2.52525253, 4118.86463261], [3.03030303, 5011.18348512], [3.53535354, 5779.13335283], [4.04040404, 6404.7102487], [4.54545455, 6902.41384472], [5.05050505, 7302.0487279], [5.55555556, 7630.44855587], [6.06060606, 7910.46814709], [6.56565657, 8153.04267028], [7.07070707, 8362.6540373], [7.57575758, 8539.5073793], [8.08080808, 8681.72765546], [8.58585859, 8789.82917785], [9.09090909, 8866.05944197], [9.5959596, 8914.76914154], [10.1010101, 8942.3594149], [10.60606061, 8955.89394614], [11.11111111, 8962.84061637], [11.61616162, 8970.42141552], [12.12121212, 8983.77514376], [12.62626263, 9005.20803756], [13.13131313, 9033.91955207], [13.63636364, 9066.22198801], [14.14141414, 9096.76239531], [14.64646465, 9121.14481324], [15.15151515, 9136.22235472], [15.65656566, 9140.22552082], [16.16161616, 9134.18010471], [16.66666667, 9121.02864776], [17.17171717, 9104.6557986], [17.67676768, 9089.89885384], [18.18181818, 9082.29374772], [18.68686869, 9084.50312654], [19.19191919, 9096.18843628], [19.6969697, 9115.146969], [20.2020202, 9137.22665547], [20.70707071, 9156.57666171], [21.21212121, 9169.16092828], [21.71717172, 9172.75135649], [22.22222222, 9166.76965758], [22.72727273, 9152.53849437], [23.23232323, 9133.28148126], [23.73737374, 9114.12318424], [24.24242424, 9101.09882972], [24.74747475, 9096.91411576], [25.25252525, 9102.39583371], [25.75757576, 9116.46900904], [26.26262626, 9136.11316409], [26.76767677, 9156.36231815], [27.27272727, 9171.14301502], [27.77777778, 9177.79351407], [28.28282828, 9175.04259311], [28.78787879, 9163.41819334], [29.29292929, 9145.39957796], [29.7979798, 9125.41733217], [30.3030303, 9109.05104299], [30.80808081, 9100.18003455], [31.31313131, 9101.02588963], [31.81818182, 9111.50738983], [32.32323232, 9129.21538169], [32.82828283, 9149.41277669], [33.33333333, 9166.52903946], [33.83838384, 9176.86994067], [34.34343434, 9178.15535138], [34.84848485, 9170.07920403], [35.35353535, 9154.30977788], [35.85858586, 9134.48969902], [36.36363636, 9116.01765101], [36.86868687, 9103.54855061], [37.37373737, 9099.95467899], [37.87878788, 9106.08466627], [38.38383838, 9120.67801656], [38.88888889, 9140.36510798], [39.39393939, 9159.67279417], [39.8989899, 9173.37298212], [40.4040404, 9178.82905004], [40.90909091, 9174.82753924], [41.41414141, 9162.13482961], [41.91919192, 9143.49713958], [42.42424242, 9123.64052614], [42.92929293, 9107.98402689], [43.43434343, 9100.18148076], [43.93939394, 9102.13158186], [44.44444444, 9113.48881904], [44.94949495, 9131.66346222], [45.45454545, 9151.82156232], [45.95959596, 9168.29324958], [46.46464646, 9177.63569495], [46.96969697, 9177.77789394], [47.47474747, 9168.63792731], [47.97979798, 9152.12851476], [48.48484848, 9132.1570149], [48.98989899, 9114.1061251], [49.49494949, 9102.31957025], [50.0, 9099.94474404]],
      type: 'line',
      smooth: true,
      color: "#BDAE6F",
      symbol: 'none'
    },
    {
      name: "Secondary consumers(birds)",
      data: [[0.0, 10000.0], [0.50505051, 10417.38729238], [1.01010101, 10457.57804953], [1.51515152, 10020.04747059], [2.02020202, 9107.97751321], [2.52525253, 7831.09185454], [3.03030303, 6381.63305967], [3.53535354, 4950.01182243], [4.04040404, 3694.37133031], [4.54545455, 2697.42665301], [5.05050505, 1945.73979023], [5.55555556, 1409.6594599], [6.06060606, 1038.2503721], [6.56565657, 791.09332052], [7.07070707, 633.02753853], [7.57575758, 535.42078312], [8.08080808, 481.00798252], [8.58585859, 453.87393373], [9.09090909, 444.00477933], [9.5959596, 444.43211543], [10.1010101, 449.28361628], [10.60606061, 456.52007347], [11.11111111, 465.03651092], [11.61616162, 474.36091214], [12.12121212, 485.48158365], [12.62626263, 498.90819349], [13.13131313, 514.44447797], [13.63636364, 531.69048432], [14.14141414, 549.41145543], [14.64646465, 566.15270043], [15.15151515, 580.42556869], [15.65656566, 590.7010339], [16.16161616, 596.51483858], [16.66666667, 599.08761476], [17.17171717, 599.69608519], [17.67676768, 599.55128674], [18.18181818, 599.92787073], [18.68686869, 602.55903697], [19.19191919, 607.79366769], [19.6969697, 615.26859867], [20.2020202, 624.09183199], [20.70707071, 632.76182393], [21.21212121, 639.22934094], [21.71717172, 642.87323953], [22.22222222, 643.61440028], [22.72727273, 641.69749514], [23.23232323, 637.69098741], [23.73737374, 632.48713181], [24.24242424, 627.72015882], [24.74747475, 625.50444578], [25.25252525, 626.37172291], [25.75757576, 630.20064667], [26.26262626, 636.26066925], [26.76767677, 643.21203859], [27.27272727, 649.1375228], [27.77777778, 652.55897814], [28.28282828, 653.04649918], [28.78787879, 650.64902496], [29.29292929, 645.86931022], [29.7979798, 639.66392535], [30.3030303, 633.65853294], [30.80808081, 629.73837692], [31.31313131, 628.76172664], [31.81818182, 630.91589194], [32.32323232, 635.73002032], [32.82828283, 642.07509696], [33.33333333, 648.22063811], [33.83838384, 652.62436344], [34.34343434, 654.37765226], [34.84848485, 653.13980588], [35.35353535, 649.13803006], [35.85858586, 643.16743498], [36.36363636, 636.66266474], [36.86868687, 631.63952322], [37.37373737, 629.26182782], [37.87878788, 629.99484819], [38.38383838, 633.67076703], [38.88888889, 639.48868011], [39.39393939, 646.01398255], [39.8989899, 651.30445013], [40.4040404, 654.17105967], [40.90909091, 654.15657982], [41.41414141, 651.29712168], [41.91919192, 646.12213879], [42.42424242, 639.65442716], [42.92929293, 633.70701578], [43.43434343, 630.01083514], [43.93939394, 629.33298656], [44.44444444, 631.78269599], [44.94949495, 636.81132071], [45.45454545, 643.21234935], [45.95959596, 649.18793751], [46.46464646, 653.24609043], [46.96969697, 654.5891159], [47.47474747, 652.96477157], [47.97979798, 648.6658095], [48.48484848, 642.52997614], [48.98989899, 636.05267449], [49.49494949, 631.18913307], [50.0, 629.11374963]],      type: 'line',
      type: 'line',
      smooth: true,
      symbol: 'none',
      color: "#EB7115"
    },
    {
      name: "Decomposer(worms)",
      data: [[0.0, 750000.0], [0.50505051, 726358.94011166], [1.01010101, 704288.03445577], [1.51515152, 683638.65708735], [2.02020202, 664279.61411423], [2.52525253, 646096.02523521], [3.03030303, 628986.27764211], [3.53535354, 612860.01704366], [4.04040404, 597636.37863825], [4.54545455, 583243.85021923], [5.05050505, 569619.14942803], [5.55555556, 556706.16283828], [6.06060606, 544455.64667883], [6.56565657, 532823.89581044], [7.07070707, 521771.70511885], [7.57575758, 511263.4006752], [8.08080808, 501265.26372607], [8.58585859, 491744.68762359], [9.09090909, 482669.54707564], [9.5959596, 474008.5253363], [10.1010101, 465731.79827964], [10.60606061, 457812.0096438], [11.11111111, 450225.13423342], [11.61616162, 442950.68658202], [12.12121212, 435971.77431319], [12.62626263, 429273.79111571], [13.13131313, 422843.89656943], [13.63636364, 416670.31805799], [14.14141414, 410740.40418789], [14.64646465, 405040.69005101], [15.15151515, 399556.9796165], [15.65656566, 394274.38264136], [16.16161616, 389178.11548814], [16.66666667, 384255.04394984], [17.17171717, 379494.22033269], [17.67676768, 374886.90550536], [18.18181818, 370426.57848484], [18.68686869, 366109.30324047], [19.19191919, 361932.30589631], [19.6969697, 357892.12607049], [20.2020202, 353984.51713151], [20.70707071, 350204.5532975], [21.21212121, 346546.02972761], [21.71717172, 342999.91072909], [22.22222222, 339557.8106956], [22.72727273, 336212.45199848], [23.23232323, 332957.66498666], [23.73737374, 329788.38798669], [24.24242424, 326700.94822311], [24.74747475, 323695.17921105], [25.25252525, 320771.97584427], [25.75757576, 317931.37508775], [26.26262626, 315172.53715159], [26.76767677, 312493.74549097], [27.27272727, 309892.40183072], [27.77777778, 307363.58419888], [28.28282828, 304900.8445408], [28.78787879, 302498.54393628], [29.29292929, 300151.93911214], [29.7979798, 297857.18244213], [30.3030303, 295611.57209552], [30.80808081, 293415.79190699], [31.31313131, 291271.83185197], [31.81818182, 289181.16176363], [32.32323232, 287144.71623621], [32.82828283, 285162.89462509], [33.33333333, 283235.57086364], [33.83838384, 281358.9847894], [34.34343434, 279528.01222675], [34.84848485, 277738.09590065], [35.35353535, 275985.24573023], [35.85858586, 274266.03882876], [36.36363636, 272577.61784772], [36.86868687, 270919.86241084], [37.37373737, 269295.76550419], [37.87878788, 267707.82798382], [38.38383838, 266157.82190824], [38.88888889, 264646.79053844], [39.39393939, 263175.05081323], [39.8989899, 261741.91185714], [40.4040404, 260343.28374212], [40.90909091, 258974.55092477], [41.41414141, 257631.79295385], [41.91919192, 256311.78447026], [42.42424242, 255011.99520707], [42.92929293, 253731.11197821], [43.43434343, 252471.54285308], [43.93939394, 251236.39555447], [44.44444444, 250028.1455272], [44.94949495, 248848.63593147], [45.45454545, 247699.0776429], [45.95959596, 246579.99534116], [46.46464646, 245488.50556398], [46.96969697, 244420.29274697], [47.47474747, 243371.58709298], [47.97979798, 242339.169245], [48.48484848, 241320.37028622], [48.98989899, 240313.47178354], [49.49494949, 239319.6174305], [50.0, 238341.32261273]],      smooth: true,
      type: 'line',
      smooth: true,
      symbol: 'none',
      color:"#1894E8"
    },
  ]
};